import numpy as np
import cv2
# 相机1的内参矩阵
K1 = np.array([
    962.084, 0.0000000e+00, 700.7442, 0,
    0.0000000e+00, 961.7506, 437.366, 0,
    0.0000000e+00, 0.0000000e+00, 1.0000000e+00, 0
]).reshape(3, 4)

# 相机1的外参矩阵
RT1 = np.array([
    0.583, 0.4545, -0.6735, 1.285,
    -0.3736, 0.8861, 0.2745, -0.3576956,
    0.7215, 0.0916, 0.6863, 0.2346761,
    0, 0, 0, 1
]).reshape(4, 4)

# 相机2的内参矩阵
K2 = np.array([
    956.3656, 0.0000000e+00, 674.116, 0,
    0.0000000e+00, 956.693, 512.9388, 0,
    0.0000000e+00, 0.0000000e+00, 1.0000000e+00, 0
]).reshape(3, 4)

# 相机2的外参矩阵
RT2 = np.array([
    1.0000000e+00, 0.0000000e+00, 0.0000000e+00, 0.005,
    0.0000000e+00, 1.0000000e+00, 0.0000000e+00, 0.005,
    0.0000000e+00, 0.0000000e+00, 1.0000000e+00, 0.005,
    0, 0, 0, 1
]).reshape(4, 4)

# 相机3的内参矩阵
K3 = np.array([
    960.0558, 0.0000000e+00, 631.9498, 0,
    0.0000000e+00, 959.3276, 511.5924, 0,
    0.0000000e+00, 0.0000000e+00, 1.0000000e+00, 0
]).reshape(3, 4)

# 相机3的外参矩阵
RT3 = np.array([
    -0.6859, -0.3703, 0.6264, -1.2194,
    0.4266, 0.4927, 0.7585, -1.898,
    -0.5895, 0.7875, -0.18, 2.8478,
    0, 0, 0, 1
]).reshape(4, 4)

# 相机4的内参矩阵
K4 = np.array([
    961.7348, 0.0000000e+00, 680.6442, 0,
    0.0000000e+00, 961.408, 433.5888, 0,
    0.0000000e+00, 0.0000000e+00, 1.0000000e+00, 0
]).reshape(3, 4)

# 相机4的外参矩阵
RT4 = np.array([
    0.1831, -0.5849, 0.7902, -2.1905,
    0.5089, 0.7441, 0.4328, -1.1412,
    -0.8411, 0.3229, 0.4339, 1.53,
    0, 0, 0, 1
]).reshape(4, 4)

P1 = K1 @ RT1
P2 = K2 @ RT2
P3 = K3 @ RT3
P4 = K4 @ RT4
P = (P1, P2, P3, P4)

# 定义关键点B
kp1_1 = cv2.KeyPoint(432, 838, 1)
kp1_2 = cv2.KeyPoint(580, 643, 1)
kp1_3 = cv2.KeyPoint(813, 595, 1)
kp1_4 = cv2.KeyPoint(588, 489, 1)
kp1 = (kp1_1, kp1_2, kp1_3, kp1_4)

# 定义关键点A
kp2_1 = cv2.KeyPoint(316, 132, 1)
kp2_2 = cv2.KeyPoint(533, 132, 1)
kp2_3 = cv2.KeyPoint(837, 68, 1)
kp2_4 = cv2.KeyPoint(560, 7, 1)
kp2 = (kp2_1, kp2_2, kp2_3, kp2_4)

# 定义关键点C
kp3_1 = cv2.KeyPoint(441, 638, 1)
kp3_2 = cv2.KeyPoint(715, 542, 1)
kp3_3 = cv2.KeyPoint(870, 745, 1)
kp3_4 = cv2.KeyPoint(754, 549, 1)
kp3 = (kp3_1, kp3_2, kp3_3, kp3_4)

# 定义关键点D
kp4_1 = cv2.KeyPoint(366, 64, 1)
kp4_2 = cv2.KeyPoint(727, 79, 1)
kp4_3 = cv2.KeyPoint(920, 111, 1)
kp4_4 = cv2.KeyPoint(777, 25, 1)
kp4 = (kp4_1, kp4_2, kp4_3, kp4_4)

# 定义关键点5
kp5_3 = cv2.KeyPoint(1138, 728, 1)
kp5_4 = cv2.KeyPoint(845, 480, 1)

# 定义关键点6
kp6_3 = cv2.KeyPoint(858, 836, 1)
kp6_4 = cv2.KeyPoint(749, 632, 1)

# 定义关键点7
kp7_3 = cv2.KeyPoint(1113, 819, 1)
kp7_4 = cv2.KeyPoint(840, 529, 1)
